TIME: 0
 ( 16 , 2 , 6 )  ( 34 , 2 , 4 )  ( 46 , 2 , 5 )  ( 7 , 3 , 2 )  ( 12 , 3 , 1 )  ( 26 , 3 , 2 )  ( 25 , 4 , 2 )  ( 5 , 5 , 5 )  ( 22 , 5 , 5 )  ( 33 , 5 , 2 )  ( 17 , 7 , 1 )  ( 31 , 7 , 2 )  ( 43 , 7 , 2 )  ( 28 , 8 , 1 )  ( 29 , 8 , 6 )  ( 15 , 9 , 5 )  ( 19 , 9 , 1 )  ( 23 , 10 , 3 )  ( 24 , 11 , 4 )  ( 44 , 13 , 4 )  ( 47 , 13 , 1 )  ( 48 , 14 , 3 )  ( 9 , 18 , 5 )  ( 27 , 18 , 5 )  ( 1 , 20 , 2 )  ( 45 , 21 , 6 )  ( 4 , 23 , 4 )  ( 6 , 24 , 5 )  ( 11 , 25 , 5 )  ( 37 , 25 , 5 )  ( 3 , 26 , 2 )  ( 39 , 26 , 1 )  ( 50 , 26 , 5 )  ( 8 , 27 , 1 )  ( 40 , 28 , 6 )  ( 10 , 29 , 5 )  ( 32 , 29 , 4 )  ( 18 , 31 , 4 )  ( 20 , 31 , 2 )  ( 21 , 31 , 5 )  ( 42 , 32 , 1 )  ( 35 , 33 , 3 )  ( 38 , 33 , 4 )  ( 49 , 33 , 5 )  ( 36 , 35 , 1 )  ( 41 , 35 , 4 )  ( 13 , 36 , 1 )  ( 30 , 36 , 1 )  ( 2 , 37 , 2 )  ( 14 , 38 , 1 )
Queue 1: CLOSED
Queue 2: CLOSED
Queue 3: CLOSED
Queue 4: CLOSED
Queue 5: CLOSED


TIME: 1
 ( 16 , 2 , 6 )  ( 34 , 2 , 4 )  ( 46 , 2 , 5 )  ( 7 , 3 , 2 )  ( 12 , 3 , 1 )  ( 26 , 3 , 2 )  ( 25 , 4 , 2 )  ( 5 , 5 , 5 )  ( 22 , 5 , 5 )  ( 33 , 5 , 2 )  ( 17 , 7 , 1 )  ( 31 , 7 , 2 )  ( 43 , 7 , 2 )  ( 28 , 8 , 1 )  ( 29 , 8 , 6 )  ( 15 , 9 , 5 )  ( 19 , 9 , 1 )  ( 23 , 10 , 3 )  ( 24 , 11 , 4 )  ( 44 , 13 , 4 )  ( 47 , 13 , 1 )  ( 48 , 14 , 3 )  ( 9 , 18 , 5 )  ( 27 , 18 , 5 )  ( 1 , 20 , 2 )  ( 45 , 21 , 6 )  ( 4 , 23 , 4 )  ( 6 , 24 , 5 )  ( 11 , 25 , 5 )  ( 37 , 25 , 5 )  ( 3 , 26 , 2 )  ( 39 , 26 , 1 )  ( 50 , 26 , 5 )  ( 8 , 27 , 1 )  ( 40 , 28 , 6 )  ( 10 , 29 , 5 )  ( 32 , 29 , 4 )  ( 18 , 31 , 4 )  ( 20 , 31 , 2 )  ( 21 , 31 , 5 )  ( 42 , 32 , 1 )  ( 35 , 33 , 3 )  ( 38 , 33 , 4 )  ( 49 , 33 , 5 )  ( 36 , 35 , 1 )  ( 41 , 35 , 4 )  ( 13 , 36 , 1 )  ( 30 , 36 , 1 )  ( 2 , 37 , 2 )  ( 14 , 38 , 1 )
Queue 1: CLOSED
Queue 2: CLOSED
Queue 3: CLOSED
Queue 4: CLOSED
Queue 5: CLOSED


TIME: 2
 ( 7 , 3 , 2 )  ( 12 , 3 , 1 )  ( 26 , 3 , 2 )  ( 25 , 4 , 2 )  ( 5 , 5 , 5 )  ( 22 , 5 , 5 )  ( 33 , 5 , 2 )  ( 17 , 7 , 1 )  ( 31 , 7 , 2 )  ( 43 , 7 , 2 )  ( 28 , 8 , 1 )  ( 29 , 8 , 6 )  ( 15 , 9 , 5 )  ( 19 , 9 , 1 )  ( 23 , 10 , 3 )  ( 24 , 11 , 4 )  ( 44 , 13 , 4 )  ( 47 , 13 , 1 )  ( 48 , 14 , 3 )  ( 9 , 18 , 5 )  ( 27 , 18 , 5 )  ( 1 , 20 , 2 )  ( 45 , 21 , 6 )  ( 4 , 23 , 4 )  ( 6 , 24 , 5 )  ( 11 , 25 , 5 )  ( 37 , 25 , 5 )  ( 3 , 26 , 2 )  ( 39 , 26 , 1 )  ( 50 , 26 , 5 )  ( 8 , 27 , 1 )  ( 40 , 28 , 6 )  ( 10 , 29 , 5 )  ( 32 , 29 , 4 )  ( 18 , 31 , 4 )  ( 20 , 31 , 2 )  ( 21 , 31 , 5 )  ( 42 , 32 , 1 )  ( 35 , 33 , 3 )  ( 38 , 33 , 4 )  ( 49 , 33 , 5 )  ( 36 , 35 , 1 )  ( 41 , 35 , 4 )  ( 13 , 36 , 1 )  ( 30 , 36 , 1 )  ( 2 , 37 , 2 )  ( 14 , 38 , 1 )
Queue 1: (16 , 2 , 6)
Queue 2: (34 , 2 , 4)
Queue 3: (46 , 2 , 5)
Queue 4: CLOSED
Queue 5: CLOSED


TIME: 3
 ( 25 , 4 , 2 )  ( 5 , 5 , 5 )  ( 22 , 5 , 5 )  ( 33 , 5 , 2 )  ( 17 , 7 , 1 )  ( 31 , 7 , 2 )  ( 43 , 7 , 2 )  ( 28 , 8 , 1 )  ( 29 , 8 , 6 )  ( 15 , 9 , 5 )  ( 19 , 9 , 1 )  ( 23 , 10 , 3 )  ( 24 , 11 , 4 )  ( 44 , 13 , 4 )  ( 47 , 13 , 1 )  ( 48 , 14 , 3 )  ( 9 , 18 , 5 )  ( 27 , 18 , 5 )  ( 1 , 20 , 2 )  ( 45 , 21 , 6 )  ( 4 , 23 , 4 )  ( 6 , 24 , 5 )  ( 11 , 25 , 5 )  ( 37 , 25 , 5 )  ( 3 , 26 , 2 )  ( 39 , 26 , 1 )  ( 50 , 26 , 5 )  ( 8 , 27 , 1 )  ( 40 , 28 , 6 )  ( 10 , 29 , 5 )  ( 32 , 29 , 4 )  ( 18 , 31 , 4 )  ( 20 , 31 , 2 )  ( 21 , 31 , 5 )  ( 42 , 32 , 1 )  ( 35 , 33 , 3 )  ( 38 , 33 , 4 )  ( 49 , 33 , 5 )  ( 36 , 35 , 1 )  ( 41 , 35 , 4 )  ( 13 , 36 , 1 )  ( 30 , 36 , 1 )  ( 2 , 37 , 2 )  ( 14 , 38 , 1 )
Queue 1: (16 , 2 , 5)
Queue 2: (34 , 2 , 3)
Queue 3: (46 , 2 , 4)
Queue 4: (7 , 3 , 2)
Queue 5: (12 , 3 , 1)(26 , 3 , 2)


TIME: 4
 ( 5 , 5 , 5 )  ( 22 , 5 , 5 )  ( 33 , 5 , 2 )  ( 17 , 7 , 1 )  ( 31 , 7 , 2 )  ( 43 , 7 , 2 )  ( 28 , 8 , 1 )  ( 29 , 8 , 6 )  ( 15 , 9 , 5 )  ( 19 , 9 , 1 )  ( 23 , 10 , 3 )  ( 24 , 11 , 4 )  ( 44 , 13 , 4 )  ( 47 , 13 , 1 )  ( 48 , 14 , 3 )  ( 9 , 18 , 5 )  ( 27 , 18 , 5 )  ( 1 , 20 , 2 )  ( 45 , 21 , 6 )  ( 4 , 23 , 4 )  ( 6 , 24 , 5 )  ( 11 , 25 , 5 )  ( 37 , 25 , 5 )  ( 3 , 26 , 2 )  ( 39 , 26 , 1 )  ( 50 , 26 , 5 )  ( 8 , 27 , 1 )  ( 40 , 28 , 6 )  ( 10 , 29 , 5 )  ( 32 , 29 , 4 )  ( 18 , 31 , 4 )  ( 20 , 31 , 2 )  ( 21 , 31 , 5 )  ( 42 , 32 , 1 )  ( 35 , 33 , 3 )  ( 38 , 33 , 4 )  ( 49 , 33 , 5 )  ( 36 , 35 , 1 )  ( 41 , 35 , 4 )  ( 13 , 36 , 1 )  ( 30 , 36 , 1 )  ( 2 , 37 , 2 )  ( 14 , 38 , 1 )
Queue 1: (16 , 2 , 4)
Queue 2: (34 , 2 , 2)
Queue 3: (46 , 2 , 3)
Queue 4: (7 , 3 , 1)(25 , 4 , 2)
Queue 5: (26 , 3 , 2)


TIME: 5
 ( 17 , 7 , 1 )  ( 31 , 7 , 2 )  ( 43 , 7 , 2 )  ( 28 , 8 , 1 )  ( 29 , 8 , 6 )  ( 15 , 9 , 5 )  ( 19 , 9 , 1 )  ( 23 , 10 , 3 )  ( 24 , 11 , 4 )  ( 44 , 13 , 4 )  ( 47 , 13 , 1 )  ( 48 , 14 , 3 )  ( 9 , 18 , 5 )  ( 27 , 18 , 5 )  ( 1 , 20 , 2 )  ( 45 , 21 , 6 )  ( 4 , 23 , 4 )  ( 6 , 24 , 5 )  ( 11 , 25 , 5 )  ( 37 , 25 , 5 )  ( 3 , 26 , 2 )  ( 39 , 26 , 1 )  ( 50 , 26 , 5 )  ( 8 , 27 , 1 )  ( 40 , 28 , 6 )  ( 10 , 29 , 5 )  ( 32 , 29 , 4 )  ( 18 , 31 , 4 )  ( 20 , 31 , 2 )  ( 21 , 31 , 5 )  ( 42 , 32 , 1 )  ( 35 , 33 , 3 )  ( 38 , 33 , 4 )  ( 49 , 33 , 5 )  ( 36 , 35 , 1 )  ( 41 , 35 , 4 )  ( 13 , 36 , 1 )  ( 30 , 36 , 1 )  ( 2 , 37 , 2 )  ( 14 , 38 , 1 )
Queue 1: (16 , 2 , 3)
Queue 2: (34 , 2 , 1)(22 , 5 , 5)
Queue 3: (46 , 2 , 2)
Queue 4: (25 , 4 , 2)(33 , 5 , 2)
Queue 5: (26 , 3 , 1)(5 , 5 , 5)


TIME: 6
 ( 17 , 7 , 1 )  ( 31 , 7 , 2 )  ( 43 , 7 , 2 )  ( 28 , 8 , 1 )  ( 29 , 8 , 6 )  ( 15 , 9 , 5 )  ( 19 , 9 , 1 )  ( 23 , 10 , 3 )  ( 24 , 11 , 4 )  ( 44 , 13 , 4 )  ( 47 , 13 , 1 )  ( 48 , 14 , 3 )  ( 9 , 18 , 5 )  ( 27 , 18 , 5 )  ( 1 , 20 , 2 )  ( 45 , 21 , 6 )  ( 4 , 23 , 4 )  ( 6 , 24 , 5 )  ( 11 , 25 , 5 )  ( 37 , 25 , 5 )  ( 3 , 26 , 2 )  ( 39 , 26 , 1 )  ( 50 , 26 , 5 )  ( 8 , 27 , 1 )  ( 40 , 28 , 6 )  ( 10 , 29 , 5 )  ( 32 , 29 , 4 )  ( 18 , 31 , 4 )  ( 20 , 31 , 2 )  ( 21 , 31 , 5 )  ( 42 , 32 , 1 )  ( 35 , 33 , 3 )  ( 38 , 33 , 4 )  ( 49 , 33 , 5 )  ( 36 , 35 , 1 )  ( 41 , 35 , 4 )  ( 13 , 36 , 1 )  ( 30 , 36 , 1 )  ( 2 , 37 , 2 )  ( 14 , 38 , 1 )
Queue 1: (16 , 2 , 2)
Queue 2: (22 , 5 , 5)
Queue 3: (46 , 2 , 1)
Queue 4: (25 , 4 , 1)(33 , 5 , 2)
Queue 5: (5 , 5 , 5)


TIME: 7
 ( 28 , 8 , 1 )  ( 29 , 8 , 6 )  ( 15 , 9 , 5 )  ( 19 , 9 , 1 )  ( 23 , 10 , 3 )  ( 24 , 11 , 4 )  ( 44 , 13 , 4 )  ( 47 , 13 , 1 )  ( 48 , 14 , 3 )  ( 9 , 18 , 5 )  ( 27 , 18 , 5 )  ( 1 , 20 , 2 )  ( 45 , 21 , 6 )  ( 4 , 23 , 4 )  ( 6 , 24 , 5 )  ( 11 , 25 , 5 )  ( 37 , 25 , 5 )  ( 3 , 26 , 2 )  ( 39 , 26 , 1 )  ( 50 , 26 , 5 )  ( 8 , 27 , 1 )  ( 40 , 28 , 6 )  ( 10 , 29 , 5 )  ( 32 , 29 , 4 )  ( 18 , 31 , 4 )  ( 20 , 31 , 2 )  ( 21 , 31 , 5 )  ( 42 , 32 , 1 )  ( 35 , 33 , 3 )  ( 38 , 33 , 4 )  ( 49 , 33 , 5 )  ( 36 , 35 , 1 )  ( 41 , 35 , 4 )  ( 13 , 36 , 1 )  ( 30 , 36 , 1 )  ( 2 , 37 , 2 )  ( 14 , 38 , 1 )
Queue 1: (16 , 2 , 1)(31 , 7 , 2)
Queue 2: (22 , 5 , 4)
Queue 3: (17 , 7 , 1)(43 , 7 , 2)
Queue 4: (33 , 5 , 2)
Queue 5: (5 , 5 , 4)


TIME: 8
 ( 15 , 9 , 5 )  ( 19 , 9 , 1 )  ( 23 , 10 , 3 )  ( 24 , 11 , 4 )  ( 44 , 13 , 4 )  ( 47 , 13 , 1 )  ( 48 , 14 , 3 )  ( 9 , 18 , 5 )  ( 27 , 18 , 5 )  ( 1 , 20 , 2 )  ( 45 , 21 , 6 )  ( 4 , 23 , 4 )  ( 6 , 24 , 5 )  ( 11 , 25 , 5 )  ( 37 , 25 , 5 )  ( 3 , 26 , 2 )  ( 39 , 26 , 1 )  ( 50 , 26 , 5 )  ( 8 , 27 , 1 )  ( 40 , 28 , 6 )  ( 10 , 29 , 5 )  ( 32 , 29 , 4 )  ( 18 , 31 , 4 )  ( 20 , 31 , 2 )  ( 21 , 31 , 5 )  ( 42 , 32 , 1 )  ( 35 , 33 , 3 )  ( 38 , 33 , 4 )  ( 49 , 33 , 5 )  ( 36 , 35 , 1 )  ( 41 , 35 , 4 )  ( 13 , 36 , 1 )  ( 30 , 36 , 1 )  ( 2 , 37 , 2 )  ( 14 , 38 , 1 )
Queue 1: (31 , 7 , 2)
Queue 2: (22 , 5 , 3)
Queue 3: (43 , 7 , 2)
Queue 4: (33 , 5 , 1)(28 , 8 , 1)(29 , 8 , 6)
Queue 5: (5 , 5 , 3)


TIME: 9
 ( 23 , 10 , 3 )  ( 24 , 11 , 4 )  ( 44 , 13 , 4 )  ( 47 , 13 , 1 )  ( 48 , 14 , 3 )  ( 9 , 18 , 5 )  ( 27 , 18 , 5 )  ( 1 , 20 , 2 )  ( 45 , 21 , 6 )  ( 4 , 23 , 4 )  ( 6 , 24 , 5 )  ( 11 , 25 , 5 )  ( 37 , 25 , 5 )  ( 3 , 26 , 2 )  ( 39 , 26 , 1 )  ( 50 , 26 , 5 )  ( 8 , 27 , 1 )  ( 40 , 28 , 6 )  ( 10 , 29 , 5 )  ( 32 , 29 , 4 )  ( 18 , 31 , 4 )  ( 20 , 31 , 2 )  ( 21 , 31 , 5 )  ( 42 , 32 , 1 )  ( 35 , 33 , 3 )  ( 38 , 33 , 4 )  ( 49 , 33 , 5 )  ( 36 , 35 , 1 )  ( 41 , 35 , 4 )  ( 13 , 36 , 1 )  ( 30 , 36 , 1 )  ( 2 , 37 , 2 )  ( 14 , 38 , 1 )
Queue 1: (31 , 7 , 1)(15 , 9 , 5)
Queue 2: (22 , 5 , 2)
Queue 3: (43 , 7 , 1)(19 , 9 , 1)
Queue 4: (28 , 8 , 1)(29 , 8 , 6)
Queue 5: (5 , 5 , 2)


TIME: 10
 ( 24 , 11 , 4 )  ( 44 , 13 , 4 )  ( 47 , 13 , 1 )  ( 48 , 14 , 3 )  ( 9 , 18 , 5 )  ( 27 , 18 , 5 )  ( 1 , 20 , 2 )  ( 45 , 21 , 6 )  ( 4 , 23 , 4 )  ( 6 , 24 , 5 )  ( 11 , 25 , 5 )  ( 37 , 25 , 5 )  ( 3 , 26 , 2 )  ( 39 , 26 , 1 )  ( 50 , 26 , 5 )  ( 8 , 27 , 1 )  ( 40 , 28 , 6 )  ( 10 , 29 , 5 )  ( 32 , 29 , 4 )  ( 18 , 31 , 4 )  ( 20 , 31 , 2 )  ( 21 , 31 , 5 )  ( 42 , 32 , 1 )  ( 35 , 33 , 3 )  ( 38 , 33 , 4 )  ( 49 , 33 , 5 )  ( 36 , 35 , 1 )  ( 41 , 35 , 4 )  ( 13 , 36 , 1 )  ( 30 , 36 , 1 )  ( 2 , 37 , 2 )  ( 14 , 38 , 1 )
Queue 1: (15 , 9 , 5)
Queue 2: (22 , 5 , 1)
Queue 3: (19 , 9 , 1)
Queue 4: (29 , 8 , 6)
Queue 5: (5 , 5 , 1)(23 , 10 , 3)


TIME: 11
 ( 44 , 13 , 4 )  ( 47 , 13 , 1 )  ( 48 , 14 , 3 )  ( 9 , 18 , 5 )  ( 27 , 18 , 5 )  ( 1 , 20 , 2 )  ( 45 , 21 , 6 )  ( 4 , 23 , 4 )  ( 6 , 24 , 5 )  ( 11 , 25 , 5 )  ( 37 , 25 , 5 )  ( 3 , 26 , 2 )  ( 39 , 26 , 1 )  ( 50 , 26 , 5 )  ( 8 , 27 , 1 )  ( 40 , 28 , 6 )  ( 10 , 29 , 5 )  ( 32 , 29 , 4 )  ( 18 , 31 , 4 )  ( 20 , 31 , 2 )  ( 21 , 31 , 5 )  ( 42 , 32 , 1 )  ( 35 , 33 , 3 )  ( 38 , 33 , 4 )  ( 49 , 33 , 5 )  ( 36 , 35 , 1 )  ( 41 , 35 , 4 )  ( 13 , 36 , 1 )  ( 30 , 36 , 1 )  ( 2 , 37 , 2 )  ( 14 , 38 , 1 )
Queue 1: (15 , 9 , 4)
Queue 2: (24 , 11 , 4)
Queue 3: CLOSED
Queue 4: (29 , 8 , 5)
Queue 5: (23 , 10 , 3)


TIME: 12
 ( 44 , 13 , 4 )  ( 47 , 13 , 1 )  ( 48 , 14 , 3 )  ( 9 , 18 , 5 )  ( 27 , 18 , 5 )  ( 1 , 20 , 2 )  ( 45 , 21 , 6 )  ( 4 , 23 , 4 )  ( 6 , 24 , 5 )  ( 11 , 25 , 5 )  ( 37 , 25 , 5 )  ( 3 , 26 , 2 )  ( 39 , 26 , 1 )  ( 50 , 26 , 5 )  ( 8 , 27 , 1 )  ( 40 , 28 , 6 )  ( 10 , 29 , 5 )  ( 32 , 29 , 4 )  ( 18 , 31 , 4 )  ( 20 , 31 , 2 )  ( 21 , 31 , 5 )  ( 42 , 32 , 1 )  ( 35 , 33 , 3 )  ( 38 , 33 , 4 )  ( 49 , 33 , 5 )  ( 36 , 35 , 1 )  ( 41 , 35 , 4 )  ( 13 , 36 , 1 )  ( 30 , 36 , 1 )  ( 2 , 37 , 2 )  ( 14 , 38 , 1 )
Queue 1: (15 , 9 , 3)
Queue 2: (24 , 11 , 3)
Queue 3: CLOSED
Queue 4: (29 , 8 , 4)
Queue 5: (23 , 10 , 2)


TIME: 13
 ( 48 , 14 , 3 )  ( 9 , 18 , 5 )  ( 27 , 18 , 5 )  ( 1 , 20 , 2 )  ( 45 , 21 , 6 )  ( 4 , 23 , 4 )  ( 6 , 24 , 5 )  ( 11 , 25 , 5 )  ( 37 , 25 , 5 )  ( 3 , 26 , 2 )  ( 39 , 26 , 1 )  ( 50 , 26 , 5 )  ( 8 , 27 , 1 )  ( 40 , 28 , 6 )  ( 10 , 29 , 5 )  ( 32 , 29 , 4 )  ( 18 , 31 , 4 )  ( 20 , 31 , 2 )  ( 21 , 31 , 5 )  ( 42 , 32 , 1 )  ( 35 , 33 , 3 )  ( 38 , 33 , 4 )  ( 49 , 33 , 5 )  ( 36 , 35 , 1 )  ( 41 , 35 , 4 )  ( 13 , 36 , 1 )  ( 30 , 36 , 1 )  ( 2 , 37 , 2 )  ( 14 , 38 , 1 )
Queue 1: (15 , 9 , 2)
Queue 2: (24 , 11 , 2)
Queue 3: (44 , 13 , 4)
Queue 4: (29 , 8 , 3)
Queue 5: (23 , 10 , 1)(47 , 13 , 1)


TIME: 14
 ( 9 , 18 , 5 )  ( 27 , 18 , 5 )  ( 1 , 20 , 2 )  ( 45 , 21 , 6 )  ( 4 , 23 , 4 )  ( 6 , 24 , 5 )  ( 11 , 25 , 5 )  ( 37 , 25 , 5 )  ( 3 , 26 , 2 )  ( 39 , 26 , 1 )  ( 50 , 26 , 5 )  ( 8 , 27 , 1 )  ( 40 , 28 , 6 )  ( 10 , 29 , 5 )  ( 32 , 29 , 4 )  ( 18 , 31 , 4 )  ( 20 , 31 , 2 )  ( 21 , 31 , 5 )  ( 42 , 32 , 1 )  ( 35 , 33 , 3 )  ( 38 , 33 , 4 )  ( 49 , 33 , 5 )  ( 36 , 35 , 1 )  ( 41 , 35 , 4 )  ( 13 , 36 , 1 )  ( 30 , 36 , 1 )  ( 2 , 37 , 2 )  ( 14 , 38 , 1 )
Queue 1: (15 , 9 , 1)
Queue 2: (24 , 11 , 1)
Queue 3: (44 , 13 , 3)
Queue 4: (29 , 8 , 2)
Queue 5: (47 , 13 , 1)(48 , 14 , 3)


TIME: 15
 ( 9 , 18 , 5 )  ( 27 , 18 , 5 )  ( 1 , 20 , 2 )  ( 45 , 21 , 6 )  ( 4 , 23 , 4 )  ( 6 , 24 , 5 )  ( 11 , 25 , 5 )  ( 37 , 25 , 5 )  ( 3 , 26 , 2 )  ( 39 , 26 , 1 )  ( 50 , 26 , 5 )  ( 8 , 27 , 1 )  ( 40 , 28 , 6 )  ( 10 , 29 , 5 )  ( 32 , 29 , 4 )  ( 18 , 31 , 4 )  ( 20 , 31 , 2 )  ( 21 , 31 , 5 )  ( 42 , 32 , 1 )  ( 35 , 33 , 3 )  ( 38 , 33 , 4 )  ( 49 , 33 , 5 )  ( 36 , 35 , 1 )  ( 41 , 35 , 4 )  ( 13 , 36 , 1 )  ( 30 , 36 , 1 )  ( 2 , 37 , 2 )  ( 14 , 38 , 1 )
Queue 1: CLOSED
Queue 2: CLOSED
Queue 3: (44 , 13 , 2)
Queue 4: (29 , 8 , 1)
Queue 5: (48 , 14 , 3)


TIME: 16
 ( 9 , 18 , 5 )  ( 27 , 18 , 5 )  ( 1 , 20 , 2 )  ( 45 , 21 , 6 )  ( 4 , 23 , 4 )  ( 6 , 24 , 5 )  ( 11 , 25 , 5 )  ( 37 , 25 , 5 )  ( 3 , 26 , 2 )  ( 39 , 26 , 1 )  ( 50 , 26 , 5 )  ( 8 , 27 , 1 )  ( 40 , 28 , 6 )  ( 10 , 29 , 5 )  ( 32 , 29 , 4 )  ( 18 , 31 , 4 )  ( 20 , 31 , 2 )  ( 21 , 31 , 5 )  ( 42 , 32 , 1 )  ( 35 , 33 , 3 )  ( 38 , 33 , 4 )  ( 49 , 33 , 5 )  ( 36 , 35 , 1 )  ( 41 , 35 , 4 )  ( 13 , 36 , 1 )  ( 30 , 36 , 1 )  ( 2 , 37 , 2 )  ( 14 , 38 , 1 )
Queue 1: CLOSED
Queue 2: CLOSED
Queue 3: (44 , 13 , 1)
Queue 4: CLOSED
Queue 5: (48 , 14 , 2)


TIME: 17
 ( 9 , 18 , 5 )  ( 27 , 18 , 5 )  ( 1 , 20 , 2 )  ( 45 , 21 , 6 )  ( 4 , 23 , 4 )  ( 6 , 24 , 5 )  ( 11 , 25 , 5 )  ( 37 , 25 , 5 )  ( 3 , 26 , 2 )  ( 39 , 26 , 1 )  ( 50 , 26 , 5 )  ( 8 , 27 , 1 )  ( 40 , 28 , 6 )  ( 10 , 29 , 5 )  ( 32 , 29 , 4 )  ( 18 , 31 , 4 )  ( 20 , 31 , 2 )  ( 21 , 31 , 5 )  ( 42 , 32 , 1 )  ( 35 , 33 , 3 )  ( 38 , 33 , 4 )  ( 49 , 33 , 5 )  ( 36 , 35 , 1 )  ( 41 , 35 , 4 )  ( 13 , 36 , 1 )  ( 30 , 36 , 1 )  ( 2 , 37 , 2 )  ( 14 , 38 , 1 )
Queue 1: CLOSED
Queue 2: CLOSED
Queue 3: CLOSED
Queue 4: CLOSED
Queue 5: (48 , 14 , 1)


TIME: 18
 ( 1 , 20 , 2 )  ( 45 , 21 , 6 )  ( 4 , 23 , 4 )  ( 6 , 24 , 5 )  ( 11 , 25 , 5 )  ( 37 , 25 , 5 )  ( 3 , 26 , 2 )  ( 39 , 26 , 1 )  ( 50 , 26 , 5 )  ( 8 , 27 , 1 )  ( 40 , 28 , 6 )  ( 10 , 29 , 5 )  ( 32 , 29 , 4 )  ( 18 , 31 , 4 )  ( 20 , 31 , 2 )  ( 21 , 31 , 5 )  ( 42 , 32 , 1 )  ( 35 , 33 , 3 )  ( 38 , 33 , 4 )  ( 49 , 33 , 5 )  ( 36 , 35 , 1 )  ( 41 , 35 , 4 )  ( 13 , 36 , 1 )  ( 30 , 36 , 1 )  ( 2 , 37 , 2 )  ( 14 , 38 , 1 )
Queue 1: (9 , 18 , 5)
Queue 2: (27 , 18 , 5)
Queue 3: CLOSED
Queue 4: CLOSED
Queue 5: CLOSED


TIME: 19
 ( 1 , 20 , 2 )  ( 45 , 21 , 6 )  ( 4 , 23 , 4 )  ( 6 , 24 , 5 )  ( 11 , 25 , 5 )  ( 37 , 25 , 5 )  ( 3 , 26 , 2 )  ( 39 , 26 , 1 )  ( 50 , 26 , 5 )  ( 8 , 27 , 1 )  ( 40 , 28 , 6 )  ( 10 , 29 , 5 )  ( 32 , 29 , 4 )  ( 18 , 31 , 4 )  ( 20 , 31 , 2 )  ( 21 , 31 , 5 )  ( 42 , 32 , 1 )  ( 35 , 33 , 3 )  ( 38 , 33 , 4 )  ( 49 , 33 , 5 )  ( 36 , 35 , 1 )  ( 41 , 35 , 4 )  ( 13 , 36 , 1 )  ( 30 , 36 , 1 )  ( 2 , 37 , 2 )  ( 14 , 38 , 1 )
Queue 1: (9 , 18 , 4)
Queue 2: (27 , 18 , 4)
Queue 3: CLOSED
Queue 4: CLOSED
Queue 5: CLOSED


TIME: 20
 ( 45 , 21 , 6 )  ( 4 , 23 , 4 )  ( 6 , 24 , 5 )  ( 11 , 25 , 5 )  ( 37 , 25 , 5 )  ( 3 , 26 , 2 )  ( 39 , 26 , 1 )  ( 50 , 26 , 5 )  ( 8 , 27 , 1 )  ( 40 , 28 , 6 )  ( 10 , 29 , 5 )  ( 32 , 29 , 4 )  ( 18 , 31 , 4 )  ( 20 , 31 , 2 )  ( 21 , 31 , 5 )  ( 42 , 32 , 1 )  ( 35 , 33 , 3 )  ( 38 , 33 , 4 )  ( 49 , 33 , 5 )  ( 36 , 35 , 1 )  ( 41 , 35 , 4 )  ( 13 , 36 , 1 )  ( 30 , 36 , 1 )  ( 2 , 37 , 2 )  ( 14 , 38 , 1 )
Queue 1: (9 , 18 , 3)
Queue 2: (27 , 18 , 3)
Queue 3: (1 , 20 , 2)
Queue 4: CLOSED
Queue 5: CLOSED


TIME: 21
 ( 4 , 23 , 4 )  ( 6 , 24 , 5 )  ( 11 , 25 , 5 )  ( 37 , 25 , 5 )  ( 3 , 26 , 2 )  ( 39 , 26 , 1 )  ( 50 , 26 , 5 )  ( 8 , 27 , 1 )  ( 40 , 28 , 6 )  ( 10 , 29 , 5 )  ( 32 , 29 , 4 )  ( 18 , 31 , 4 )  ( 20 , 31 , 2 )  ( 21 , 31 , 5 )  ( 42 , 32 , 1 )  ( 35 , 33 , 3 )  ( 38 , 33 , 4 )  ( 49 , 33 , 5 )  ( 36 , 35 , 1 )  ( 41 , 35 , 4 )  ( 13 , 36 , 1 )  ( 30 , 36 , 1 )  ( 2 , 37 , 2 )  ( 14 , 38 , 1 )
Queue 1: (9 , 18 , 2)
Queue 2: (27 , 18 , 2)
Queue 3: (1 , 20 , 1)
Queue 4: (45 , 21 , 6)
Queue 5: CLOSED


TIME: 22
 ( 4 , 23 , 4 )  ( 6 , 24 , 5 )  ( 11 , 25 , 5 )  ( 37 , 25 , 5 )  ( 3 , 26 , 2 )  ( 39 , 26 , 1 )  ( 50 , 26 , 5 )  ( 8 , 27 , 1 )  ( 40 , 28 , 6 )  ( 10 , 29 , 5 )  ( 32 , 29 , 4 )  ( 18 , 31 , 4 )  ( 20 , 31 , 2 )  ( 21 , 31 , 5 )  ( 42 , 32 , 1 )  ( 35 , 33 , 3 )  ( 38 , 33 , 4 )  ( 49 , 33 , 5 )  ( 36 , 35 , 1 )  ( 41 , 35 , 4 )  ( 13 , 36 , 1 )  ( 30 , 36 , 1 )  ( 2 , 37 , 2 )  ( 14 , 38 , 1 )
Queue 1: (9 , 18 , 1)
Queue 2: (27 , 18 , 1)
Queue 3: CLOSED
Queue 4: (45 , 21 , 5)
Queue 5: CLOSED


TIME: 23
 ( 6 , 24 , 5 )  ( 11 , 25 , 5 )  ( 37 , 25 , 5 )  ( 3 , 26 , 2 )  ( 39 , 26 , 1 )  ( 50 , 26 , 5 )  ( 8 , 27 , 1 )  ( 40 , 28 , 6 )  ( 10 , 29 , 5 )  ( 32 , 29 , 4 )  ( 18 , 31 , 4 )  ( 20 , 31 , 2 )  ( 21 , 31 , 5 )  ( 42 , 32 , 1 )  ( 35 , 33 , 3 )  ( 38 , 33 , 4 )  ( 49 , 33 , 5 )  ( 36 , 35 , 1 )  ( 41 , 35 , 4 )  ( 13 , 36 , 1 )  ( 30 , 36 , 1 )  ( 2 , 37 , 2 )  ( 14 , 38 , 1 )
Queue 1: CLOSED
Queue 2: CLOSED
Queue 3: (4 , 23 , 4)
Queue 4: (45 , 21 , 4)
Queue 5: CLOSED


TIME: 24
 ( 11 , 25 , 5 )  ( 37 , 25 , 5 )  ( 3 , 26 , 2 )  ( 39 , 26 , 1 )  ( 50 , 26 , 5 )  ( 8 , 27 , 1 )  ( 40 , 28 , 6 )  ( 10 , 29 , 5 )  ( 32 , 29 , 4 )  ( 18 , 31 , 4 )  ( 20 , 31 , 2 )  ( 21 , 31 , 5 )  ( 42 , 32 , 1 )  ( 35 , 33 , 3 )  ( 38 , 33 , 4 )  ( 49 , 33 , 5 )  ( 36 , 35 , 1 )  ( 41 , 35 , 4 )  ( 13 , 36 , 1 )  ( 30 , 36 , 1 )  ( 2 , 37 , 2 )  ( 14 , 38 , 1 )
Queue 1: CLOSED
Queue 2: CLOSED
Queue 3: (4 , 23 , 3)
Queue 4: (45 , 21 , 3)
Queue 5: (6 , 24 , 5)


TIME: 25
 ( 3 , 26 , 2 )  ( 39 , 26 , 1 )  ( 50 , 26 , 5 )  ( 8 , 27 , 1 )  ( 40 , 28 , 6 )  ( 10 , 29 , 5 )  ( 32 , 29 , 4 )  ( 18 , 31 , 4 )  ( 20 , 31 , 2 )  ( 21 , 31 , 5 )  ( 42 , 32 , 1 )  ( 35 , 33 , 3 )  ( 38 , 33 , 4 )  ( 49 , 33 , 5 )  ( 36 , 35 , 1 )  ( 41 , 35 , 4 )  ( 13 , 36 , 1 )  ( 30 , 36 , 1 )  ( 2 , 37 , 2 )  ( 14 , 38 , 1 )
Queue 1: (11 , 25 , 5)
Queue 2: (37 , 25 , 5)
Queue 3: (4 , 23 , 2)
Queue 4: (45 , 21 , 2)
Queue 5: (6 , 24 , 4)


TIME: 26
 ( 8 , 27 , 1 )  ( 40 , 28 , 6 )  ( 10 , 29 , 5 )  ( 32 , 29 , 4 )  ( 18 , 31 , 4 )  ( 20 , 31 , 2 )  ( 21 , 31 , 5 )  ( 42 , 32 , 1 )  ( 35 , 33 , 3 )  ( 38 , 33 , 4 )  ( 49 , 33 , 5 )  ( 36 , 35 , 1 )  ( 41 , 35 , 4 )  ( 13 , 36 , 1 )  ( 30 , 36 , 1 )  ( 2 , 37 , 2 )  ( 14 , 38 , 1 )
Queue 1: (11 , 25 , 4)
Queue 2: (37 , 25 , 4)
Queue 3: (4 , 23 , 1)(3 , 26 , 2)
Queue 4: (45 , 21 , 1)(39 , 26 , 1)(50 , 26 , 5)
Queue 5: (6 , 24 , 3)


TIME: 27
 ( 40 , 28 , 6 )  ( 10 , 29 , 5 )  ( 32 , 29 , 4 )  ( 18 , 31 , 4 )  ( 20 , 31 , 2 )  ( 21 , 31 , 5 )  ( 42 , 32 , 1 )  ( 35 , 33 , 3 )  ( 38 , 33 , 4 )  ( 49 , 33 , 5 )  ( 36 , 35 , 1 )  ( 41 , 35 , 4 )  ( 13 , 36 , 1 )  ( 30 , 36 , 1 )  ( 2 , 37 , 2 )  ( 14 , 38 , 1 )
Queue 1: (11 , 25 , 3)
Queue 2: (37 , 25 , 3)
Queue 3: (3 , 26 , 2)
Queue 4: (39 , 26 , 1)(50 , 26 , 5)
Queue 5: (6 , 24 , 2)(8 , 27 , 1)


TIME: 28
 ( 10 , 29 , 5 )  ( 32 , 29 , 4 )  ( 18 , 31 , 4 )  ( 20 , 31 , 2 )  ( 21 , 31 , 5 )  ( 42 , 32 , 1 )  ( 35 , 33 , 3 )  ( 38 , 33 , 4 )  ( 49 , 33 , 5 )  ( 36 , 35 , 1 )  ( 41 , 35 , 4 )  ( 13 , 36 , 1 )  ( 30 , 36 , 1 )  ( 2 , 37 , 2 )  ( 14 , 38 , 1 )
Queue 1: (11 , 25 , 2)
Queue 2: (37 , 25 , 2)
Queue 3: (3 , 26 , 1)(40 , 28 , 6)
Queue 4: (50 , 26 , 5)
Queue 5: (6 , 24 , 1)(8 , 27 , 1)


TIME: 29
 ( 18 , 31 , 4 )  ( 20 , 31 , 2 )  ( 21 , 31 , 5 )  ( 42 , 32 , 1 )  ( 35 , 33 , 3 )  ( 38 , 33 , 4 )  ( 49 , 33 , 5 )  ( 36 , 35 , 1 )  ( 41 , 35 , 4 )  ( 13 , 36 , 1 )  ( 30 , 36 , 1 )  ( 2 , 37 , 2 )  ( 14 , 38 , 1 )
Queue 1: (11 , 25 , 1)(32 , 29 , 4)
Queue 2: (37 , 25 , 1)
Queue 3: (40 , 28 , 6)
Queue 4: (50 , 26 , 4)
Queue 5: (8 , 27 , 1)(10 , 29 , 5)


TIME: 30
 ( 18 , 31 , 4 )  ( 20 , 31 , 2 )  ( 21 , 31 , 5 )  ( 42 , 32 , 1 )  ( 35 , 33 , 3 )  ( 38 , 33 , 4 )  ( 49 , 33 , 5 )  ( 36 , 35 , 1 )  ( 41 , 35 , 4 )  ( 13 , 36 , 1 )  ( 30 , 36 , 1 )  ( 2 , 37 , 2 )  ( 14 , 38 , 1 )
Queue 1: (32 , 29 , 4)
Queue 2: CLOSED
Queue 3: (40 , 28 , 5)
Queue 4: (50 , 26 , 3)
Queue 5: (10 , 29 , 5)


TIME: 31
 ( 42 , 32 , 1 )  ( 35 , 33 , 3 )  ( 38 , 33 , 4 )  ( 49 , 33 , 5 )  ( 36 , 35 , 1 )  ( 41 , 35 , 4 )  ( 13 , 36 , 1 )  ( 30 , 36 , 1 )  ( 2 , 37 , 2 )  ( 14 , 38 , 1 )
Queue 1: (32 , 29 , 3)
Queue 2: (18 , 31 , 4)
Queue 3: (40 , 28 , 4)
Queue 4: (50 , 26 , 2)(20 , 31 , 2)
Queue 5: (10 , 29 , 4)(21 , 31 , 5)


TIME: 32
 ( 35 , 33 , 3 )  ( 38 , 33 , 4 )  ( 49 , 33 , 5 )  ( 36 , 35 , 1 )  ( 41 , 35 , 4 )  ( 13 , 36 , 1 )  ( 30 , 36 , 1 )  ( 2 , 37 , 2 )  ( 14 , 38 , 1 )
Queue 1: (32 , 29 , 2)(42 , 32 , 1)
Queue 2: (18 , 31 , 3)
Queue 3: (40 , 28 , 3)
Queue 4: (50 , 26 , 1)(20 , 31 , 2)
Queue 5: (10 , 29 , 3)(21 , 31 , 5)


TIME: 33
 ( 36 , 35 , 1 )  ( 41 , 35 , 4 )  ( 13 , 36 , 1 )  ( 30 , 36 , 1 )  ( 2 , 37 , 2 )  ( 14 , 38 , 1 )
Queue 1: (32 , 29 , 1)(42 , 32 , 1)
Queue 2: (18 , 31 , 2)(35 , 33 , 3)
Queue 3: (40 , 28 , 2)(38 , 33 , 4)
Queue 4: (20 , 31 , 2)(49 , 33 , 5)
Queue 5: (10 , 29 , 2)(21 , 31 , 5)


TIME: 34
 ( 36 , 35 , 1 )  ( 41 , 35 , 4 )  ( 13 , 36 , 1 )  ( 30 , 36 , 1 )  ( 2 , 37 , 2 )  ( 14 , 38 , 1 )
Queue 1: (42 , 32 , 1)
Queue 2: (18 , 31 , 1)(35 , 33 , 3)
Queue 3: (40 , 28 , 1)(38 , 33 , 4)
Queue 4: (20 , 31 , 1)(49 , 33 , 5)
Queue 5: (10 , 29 , 1)(21 , 31 , 5)


TIME: 35
 ( 13 , 36 , 1 )  ( 30 , 36 , 1 )  ( 2 , 37 , 2 )  ( 14 , 38 , 1 )
Queue 1: (36 , 35 , 1)(41 , 35 , 4)
Queue 2: (35 , 33 , 3)
Queue 3: (38 , 33 , 4)
Queue 4: (49 , 33 , 5)
Queue 5: (21 , 31 , 5)


TIME: 36
 ( 2 , 37 , 2 )  ( 14 , 38 , 1 )
Queue 1: (41 , 35 , 4)
Queue 2: (35 , 33 , 2)(13 , 36 , 1)(30 , 36 , 1)
Queue 3: (38 , 33 , 3)
Queue 4: (49 , 33 , 4)
Queue 5: (21 , 31 , 4)


TIME: 37
 ( 14 , 38 , 1 )
Queue 1: (41 , 35 , 3)
Queue 2: (35 , 33 , 1)(13 , 36 , 1)(30 , 36 , 1)
Queue 3: (38 , 33 , 2)(2 , 37 , 2)
Queue 4: (49 , 33 , 3)
Queue 5: (21 , 31 , 3)


TIME: 38
Waiting clients:
Queue 1: (41 , 35 , 2)
Queue 2: (13 , 36 , 1)(30 , 36 , 1)
Queue 3: (38 , 33 , 1)(2 , 37 , 2)
Queue 4: (49 , 33 , 2)
Queue 5: (21 , 31 , 2)(14 , 38 , 1)


TIME: 39
Waiting clients:
Queue 1: (41 , 35 , 1)
Queue 2: (30 , 36 , 1)
Queue 3: (2 , 37 , 2)
Queue 4: (49 , 33 , 1)
Queue 5: (21 , 31 , 1)(14 , 38 , 1)


TIME: 40
Waiting clients:
Queue 1: CLOSED
Queue 2: CLOSED
Queue 3: (2 , 37 , 1)
Queue 4: CLOSED
Queue 5: (14 , 38 , 1)


TIME: 41
Waiting clients:
Queue 1: CLOSED
Queue 2: CLOSED
Queue 3: CLOSED
Queue 4: CLOSED
Queue 5: CLOSED


TIME: 42
Waiting clients:
Queue 1: CLOSED
Queue 2: CLOSED
Queue 3: CLOSED
Queue 4: CLOSED
Queue 5: CLOSED


TIME: 43
Waiting clients:
Queue 1: CLOSED
Queue 2: CLOSED
Queue 3: CLOSED
Queue 4: CLOSED
Queue 5: CLOSED


TIME: 44
Waiting clients:
Queue 1: CLOSED
Queue 2: CLOSED
Queue 3: CLOSED
Queue 4: CLOSED
Queue 5: CLOSED


TIME: 45
Waiting clients:
Queue 1: CLOSED
Queue 2: CLOSED
Queue 3: CLOSED
Queue 4: CLOSED
Queue 5: CLOSED


TIME: 46
Waiting clients:
Queue 1: CLOSED
Queue 2: CLOSED
Queue 3: CLOSED
Queue 4: CLOSED
Queue 5: CLOSED


TIME: 47
Waiting clients:
Queue 1: CLOSED
Queue 2: CLOSED
Queue 3: CLOSED
Queue 4: CLOSED
Queue 5: CLOSED


TIME: 48
Waiting clients:
Queue 1: CLOSED
Queue 2: CLOSED
Queue 3: CLOSED
Queue 4: CLOSED
Queue 5: CLOSED


TIME: 49
Waiting clients:
Queue 1: CLOSED
Queue 2: CLOSED
Queue 3: CLOSED
Queue 4: CLOSED
Queue 5: CLOSED


TIME: 50
Waiting clients:
Queue 1: CLOSED
Queue 2: CLOSED
Queue 3: CLOSED
Queue 4: CLOSED
Queue 5: CLOSED


TIME: 51
Waiting clients:
Queue 1: CLOSED
Queue 2: CLOSED
Queue 3: CLOSED
Queue 4: CLOSED
Queue 5: CLOSED


TIME: 52
Waiting clients:
Queue 1: CLOSED
Queue 2: CLOSED
Queue 3: CLOSED
Queue 4: CLOSED
Queue 5: CLOSED


TIME: 53
Waiting clients:
Queue 1: CLOSED
Queue 2: CLOSED
Queue 3: CLOSED
Queue 4: CLOSED
Queue 5: CLOSED


TIME: 54
Waiting clients:
Queue 1: CLOSED
Queue 2: CLOSED
Queue 3: CLOSED
Queue 4: CLOSED
Queue 5: CLOSED


TIME: 55
Waiting clients:
Queue 1: CLOSED
Queue 2: CLOSED
Queue 3: CLOSED
Queue 4: CLOSED
Queue 5: CLOSED


TIME: 56
Waiting clients:
Queue 1: CLOSED
Queue 2: CLOSED
Queue 3: CLOSED
Queue 4: CLOSED
Queue 5: CLOSED


TIME: 57
Waiting clients:
Queue 1: CLOSED
Queue 2: CLOSED
Queue 3: CLOSED
Queue 4: CLOSED
Queue 5: CLOSED


TIME: 58
Waiting clients:
Queue 1: CLOSED
Queue 2: CLOSED
Queue 3: CLOSED
Queue 4: CLOSED
Queue 5: CLOSED


TIME: 59
Waiting clients:
Queue 1: CLOSED
Queue 2: CLOSED
Queue 3: CLOSED
Queue 4: CLOSED
Queue 5: CLOSED


Average Waiting Time: 2.227006666666667
Average Service time: 3.24
Peak hour: 33